# Simple Text Format
# Sampling Rate (Hz):= 100.00
# Resolution:= 6
# Labels:= ECG
14623
14646
14667
14689
14711
14733
14754
14777
14798
14820
14842
14864
14885
14907
14929
14951
14972
14995
15016
15038
15060
15082
15104
15126
15148
15169
15192
15213
15235
15257
15279
15300
15323
15344
15366
15388
15410
15431
15454
15475
15497
15519
15541
15562
15585
15606
15628
15650
15672
15693
15716
15737
15759
15781
15803
15824
15847
15868
15890
15912
15934
15955
15978
16000
16021
16044
16065
16087
16109
16131
16152
16175
16196
16218
16240
16262
16283
16305
16327
16349
16370
16393
16414
16436
16458
16480
16501
16524
16545
16567
16589
16611
16632
16655
16676
16698
16720
16742
16763
16786
16807
16829
16851
16873
16894
16917
16939
16960
16983
17004
17026
17048
17070
17091
17114
17135
17157
17179
17201
17222
17245
17266
17288
17310
17332
17353
17376
17397
17419
17441
17463
17484
17507
17528
17550
17572
17594
17615
17638
17659
17681
17702
17725
17746
17768
17790
17812
17833
17856
17878
17899
17922
17943
17965
17987
18009
18030
18053
18074
18096
18118
18140
18161
18184
18205
18227
18249
18271
18292
18315
18336
18358
18380
18402
18423
18446
18467
18489
18511
18533
18554
18577
18598
18620
18642
18664
18685
18708
18729
18751
18774
18795
18817
18839
18861
18882
18905
18926
18948
18970
18992
19013
19036
19057
19079
19100
19123
19144
19166
19188
19210
19231
19254
19275
19297
19319
19341
19362
19385
19406
19428
19450
19472
19493
19516
19537
19559
19581
19603
19624
19647
19668
19690
19713
19734
19756
19778
19800
19821
19844
19865
19887
19909
19931
19952
19975
19996
20018
20040
20062
20083
20106
20127
20149
20171
20193
20214
20237
20258
20280
20302
20324
20345
20368
20389
20411
20433
20455
20476
20498
20520
20542
20563
20586
20608
20629
20652
20673
20695
20717
20739
20760
20783
20804
20826
20848
20870
20891
20914
20935
20957
20979
21001
21022
21045
21066
21088
21110
21132
21153
21176
21197
21219
21241
21263
21284
21307
21328
21350
21372
21394
21415
21438
21459
21481
21504
21525
21547
21569
21591
21612
21635
21656
21678
21700
21722
21743
21766
21787
21809
21831
21853
21874
21896
21918
21940
21961
21984
22005
22027
22049
22071
22092
22115
22136
22158
22180
22202
22223
22246
22267
22289
22311
22333
22354
22377
22398
22420
22443
22464
22486
22508
22530
22551
22574
22595
22617
22639
22661
22682
22705
22726
22748
22770
22792
22813
22836
22857
22879
22901
22923
22944
22967
22988
23010
23032
23054
23075
23098
23119
23141
23163
23185
23206
23229
23250
23272
23293
23316
23337
23359
23382
23403
23425
23447
23469
23490
23513
23534
23556
23578
23600
23621
23644
23665
23687
23709
23731
23752
23775
23796
23818
23840
23862
23883
23906
23927
23949
23971
23993
24014
24037
24058
24080
24102
24124
24145
24168
24189
24211
24233
24255
24276
24299
24321
24342
24365
24386
24408
24430
24452
24473
24496
24517
24539
24561
24583
24604
24627
24648
24670
24691
24714
24735
24757
24779
24801
24822
24845
24866
24888
24910
24932
24953
24976
24997
25019
25041
25063
25084
25107
25128
25150
25172
25194
25216
25238
25260
25281
25304
25325
25347
25369
25435
25456
25478
25500
25522
25543
25566
25587
25609
25631
25653
25674
25697
25718
25740
25762
25784
25805
25828
25849
25871
25893
25915
25936
25959
25980
26002
26024
26046
26067
26089
26112
26133
26155
26177
26199
26220
26243
26264
26286
26308
26330
26351
26374
26395
26417
26439
26461
26482
26505
26526
26548
26570
26592
26613
26636
26657
26679
26701
26723
26744
26767
26788
26810
26832
26854
26875
26898
26919
26941
26963
26985
27006
27029
27051
27072
27095
27116
27138
27160
27182
27203
27226
27247
27269
27291
27313
27334
27357
27378
27400
27422
27444
27465
27487
27509
27531
27552
27575
27596
27618
27640
27662
27683
27706
27727
27749
27771
27793
27814
27837
27858
27880
27902
27924
27945
27968
27990
28011
28034
28055
28077
28099
28121
28142
28165
28186
28208
28230
28252
28273
28296
28317
28339
28361
28383
28404
28427
28448
28470
28492
28514
28535
28558
28579
28601
28623
28645
28666
28689
28710
28732
28754
28776
28797
28820
28841
28863
28884
28907
28929
28950
28973
28994
29016
29038
29060
29081
29104
29125
29147
29169
29191
29212
29235
29256
29278
29300
29322
29343
29366
29387
29409
29431
29453
29474
29497
29518
29540
29562
29584
29605
29628
29649
29671
29693
29715
29736
29759
29780
29802
29825
29846
29868
29890
29912
29933
29956
29977
29999