# Simple Text Format
# Sampling Rate (Hz):= 100.00
# Resolution:= 12
# Labels:= ECG
381
387
379
331
308
300
299
298
308
309
311
315
323
324
328
345
358
348
335
335
313
605
245
333
369
368
385
389
397
415
429
439
414
367
349
341
335
341
346
335
341
339
333
333
331
323
335
343
322
319
321
300
594
233
328
362
368
370
383
391
407
427
435
400
351
334
327
321
323
327
333
330
323
327
332
331
330
326
334
352
351
346
333
338
317
532
276
297
355
364
369
374
384
395
406
420
400
357
332
324
325
320
312
321
329
326
324
333
342
352
354
346
347
334
355
373
360
355
353
365
586
288
368
396
399
407
392
405
422
441
439
398
350
341
337
335
334
337
339
342
327
329
323
332
336
335
357
366
341
329
331
345
559
252
331
351
364
371
384
395
403
418
416
383
343
335
331
344
347
349
348
335
339
334
344
339
344
359
354
331
334
304
557
251
288
340
348
348
361
370
373
394
406
383
334
321
318
313
322
328
344
352
354
361
353
354
350
369
371
360
338
333
316
591
238
318
354
352
357
361
373
388
402
409
381
333
317
316
320
325
316
325
323
323
321
330
322
324
339
364
358
335
338
320
576
271
311
366
378
387
390
396
413
421
433
414
364
340
335
338
346
341
344
341
346
337
339
335
336
357
363
332
325
325
338
539
248
331
343
359
365
372
395
403
421
416
378
351
335
330
334
343
348
339
349
346
347
350
347
361
373
366
345
345
311
564
268
308
359
359
360
374
380
391
404
393
379
327
307
305
308
309
318
323
321
322
325
341
355
359
336
319
319
350
519
254
331
356
371
364
374
397
411
420
413
381
346
340
335
355
362
354
356
363
357
358
388
381
364
352
354
330
606
256
334
366
371
374
377
393
401
412
411
378
341
326
315
324
323
325
336
336
336
335
340
359
371
367
351
342
320
572
273
315
359
379
378
376
393
408
426
429
400
363
336
334
327
337
342
344
343
341
339
336
327
327
332
352
332
318
316
285
527
241
281
327
321
331
331
340
356
367
375
354
302
283
278
280
283
299
299
306
310
312
316
321
330
321
328
337
352
352
339
324
313
497
312
286
344
357
358
361
369
384
397
411
395
358
339
341
343
352
349
356
357
361
360
352
346
353
355
355
358
355
372
376
364
343
338
314
565
232
305
354
367
376
384
403
415
381
335
313
299
301
299
299
302
303
302
303
308
316
325
318
317
332
342
346
357
353
342
332
300
562
230
305
344
351
362
367
371
385
408
408
382
335
315
313
319
315
322
331
349
334
340
347
353
361
352
357
357
373
369
384
374
376
358
536
362
345
390
415
423
434
443
459
472
489
474
424
394
391
384
383
378
375
380
374
369
371
359
361
362
353
368
376
379
354
345
334
506
344
294
355
359
369
376
382
404
414
432
417
361
341
325
323
319
320
323
319
323
320
328
332
337
360
372
354
343
349
377
561
288
360
384
391
393
398
400
400
401
393
354
323
313
310
313
318
317
323
317
315
312
313
319
325
320
312
307
296
511
272
275
335
349
356
359
374
380
394
400
379
324
303
310
310
319
323
331
329
333
342
336
359
353
346
348
336
348
574
260
346
364
369
375
377
403
413
427
420
378
337
329
324
323
333
326
331
330
336
329
349
365